[[ 0.13007396  0.14126542  0.03623914 ... -0.35140473 -0.13656185
   0.39814162]
 [ 0.03080451  0.00615275 -0.31886126 ... -0.06928485  0.20949923
   0.28407081]
 [-0.07784923  0.04523005 -0.31359589 ... -0.09873326  0.22653121
   0.0400889 ]
 ...
 [-0.09219041  0.109048   -0.3237699  ... -0.49911147 -0.24648948
   0.13894946]
 [ 0.24537214  0.04686222  0.44160741 ... -0.11886761 -0.13503238
  -0.39548117]
 [-0.40206546 -0.37028155 -0.45625062 ... -0.11488755  0.01088608
   0.14941305]]
[[-0.56351925]
 [-0.61608887]
 [-1.11887927]
 [-0.64378932]
 [-1.00468458]
 [-1.35346782]
 [-1.11214457]
 [-0.60904423]
 [-0.53061286]
 [-1.00844277]
 [-1.41744007]
 [-0.5906501 ]
 [-1.35734742]
 [-1.03514314]
 [-0.59253629]
 [-1.0217573 ]
 [-1.1298205 ]
 [-1.40994492]
 [-1.10703049]
 [-0.50918927]]
[[-0.35541088 -0.20689765 -0.34076875  0.77076951 -0.37917979  0.06671847
  -0.23967715  0.3369366  -0.20181254  0.10746569  0.30314928 -0.72347967
  -0.01032298 -0.55239754  0.40044192 -0.08857718 -0.56934456 -0.39768711
  -0.48790627 -0.52773684]
 [-0.16215755 -0.0393012  -0.01005401  0.00396616 -0.36689685 -0.0348303
  -0.11400794 -0.45740551  0.30262652 -0.04830941  0.34490996 -0.2306165
  -0.6420839  -0.42192322 -0.51257512  0.00983816 -0.12477052 -0.44001641
  -0.32673989 -0.21112932]
 [ 0.76593399 -0.4103502  -0.14822484 -0.25177777  0.23048827  0.36171747
   0.32559386 -0.33407777 -0.38849281 -0.22100171 -0.2827357   0.41186122
   0.39680516  0.39021518 -0.20974449 -0.25489155  0.31969754  0.16686974
  -0.04885233 -0.28121576]
 [ 0.00419021 -0.03756268  0.13138158  0.31827471 -0.41189244  0.352126
   0.79249874 -0.07893191 -0.25210682  0.24904925 -0.1078769   0.12421877
  -0.06992893 -0.21060481 -0.06453247  0.06844146 -0.02850312  0.46201537
  -0.2682379   0.10014813]
 [-0.3059343   0.59993299  0.57199179  0.25565637  0.22430598 -0.05232192
  -0.01499155  0.17833703  0.14558971 -0.2194821  -0.2980944   0.24474757
  -0.15306724 -0.27013405 -0.14029614 -0.23208712 -0.15613575 -0.03604699
   0.04848923  0.18862411]
 [-0.10423909  0.2361811  -0.09509847  0.30292518  0.1498003  -0.27429493
   0.45693158  0.35782475 -0.17462682  0.21618459 -0.32397182  0.56909941
   0.43036612 -0.2357819   0.24720855 -0.2874028  -0.29148532 -0.34796026
  -0.38166471 -0.40068131]
 [ 0.14761764  0.13305238  0.76561405 -0.01167609  0.28540526 -0.45976412
  -0.04417086 -0.33048728 -0.16457171  0.05268223 -0.39245742  0.08089695
  -0.02692965 -0.06813746 -0.13356985 -0.0060769  -0.15383199 -0.07798467
  -0.56005018 -0.37363788]
 [ 0.00509024 -0.2822622  -0.01138096  0.14319458  0.42747182  0.24896775
   0.07306938 -0.51610713  0.0237814   0.13277273 -0.15613672  0.3568714
   0.48672927  0.03327218  0.1757288   0.75822355 -0.02762931 -0.18874296
   0.19292289 -0.12362461]
 [ 0.0322003  -0.05250513 -0.47354902 -0.14189841  0.09092051 -0.47028379
  -0.12403296  0.35532151 -0.12608668 -0.03329454  0.25982191 -0.29736502
  -0.22578569  0.1264447   0.08834593 -0.22880711 -0.53504049  0.1814981
  -0.19658237  0.08659653]
 [ 0.02712868  0.34257016 -0.05128253 -0.05833092  0.3829825   0.04066917
  -0.32456729 -0.01959954 -0.19226783 -0.07721583  0.09349062  0.16863088
   0.45238479 -0.19107936  0.15890246 -0.0475138   0.48266938  0.27842486
   0.13098823 -0.31045619]]
[[-0.03081012]
 [ 0.11640372]
 [-0.1648322 ]
 [ 0.02606137]
 [-0.13719447]
 [-0.21108676]
 [ 0.20085727]
 [-0.25252401]
 [ 0.42046515]
 [ 0.30914883]]
